393.8937343358396
1528.827067669173
7415.520802005012
40381.41353383459
1370.7829573934837
5255.397994987468
25148.79147869674
5875.195989974937
22299.887218045114
28142.349874686715
393.8937343358396
-607377.8952380952
948333863.2711779
-1496821883790.268
-545032.6110275689
849230089.6907269
-1338347230720.3855
763946439.3989975
-1201041753097.2817
-1082437231304.3674
46934736.868557386
1249057077.498735
4280738934561.4087
42684585776912.98
1249057077.498735
289431243879.2833
-44843453441807.445
4280738934561.4077
-44843453441807.445
42684585776912.95
2.6576441102756894
0.4496240601503759
3.7538847117794485
2.831077694235589
1.3243107769423559
2.6110275689223057
0.7483709273182957
2.7433583959899748
2.288220551378446
4.4867167919799495
1.5548872180451128
1.7323308270676692
1.8661654135338346
1.4320802005012532
2.1157894736842104
2.2275689223057644
1.7308270676691728
2.650125313283208
0.3147869674185464
1.006516290726817
0.47468671679197993
10.160401002506266
9.311779448621554
9.073182957393485
9.6
9.25563909774436
7.724812030075188
10.635087719298246
9.070676691729323
10.398496240601503
9.85764411027569
10.209523809523809
9.761403508771929
10.043107769423559
10.296741854636592
11.31829573934837
7.635588972431077
11.100751879699247
10.80451127819549
10.531829573934838
10.820551378446115
3.0
10.760401002506265
10.276190476190477
10.30375939849624
11.308270676691729
9.500250626566416
10.781453634085214
8.929824561403509
8.430075187969924
10.60250626566416
9.372932330827068
9.803508771929824
9.932832080200502
10.607518796992482
10.288721804511278
10.103258145363409
11.076190476190476
9.9468671679198
10.235087719298246
10.65062656641604
10.341854636591478
4089.767418546366
41884.249122807014
539627.898245614
7818763.51829574
38025.126817042605
383934.56591478694
4910352.241102757
481191.53684210527
4817737.043107769
6982773.13283208
4089.767418546366
-188392917.96190476
9297487465575.896
-5.1705509439491706e+17
-171742336.00050125
8149955807581.273
-4.2365173042744845e+17
8023788469580.802
-3.930273037613286e+17
-4.047124714924448e+17
4.940004002508235e+24
2.080890795821757e+27
1.6137566218711e+32
-1.285048332201248e+36
2.0808907958217562e+27
1.0045376370868273e+31
-6.994110018768457e+34
1.6137566218711e+32
-6.994110018768458e+34
-1.285048332201248e+36
49.18496240601504
9.564411027568923
74.71679197994987
58.26165413533835
27.920802005012533
53.25513784461153
16.12531328320802
59.35288220551379
50.76541353383459
95.62907268170426
36.498245614035085
33.92731829573935
40.57994987468672
30.165413533834588
50.998997493734336
45.92531328320802
36.786466165413536
53.86666666666667
6.654636591478697
20.093233082706767
10.727318295739348
4168.627067669173
39237.020551378446
503803.7543859649
7417067.958897243
41207.7313283208
379660.13784461154
4826034.684210527
518688.5142857143
4724729.792982456
7370532.420050126
4168.627067669173
-183935079.97142857
8624537553651.427
-4.7117048595624083e+17
-189956839.881203
8503543444751.142
-4.250696255261106e+17
9416907985836.447
-4.3943227031464384e+17
-5.060034176783814e+17
5.035258070144564e+24
1.39953637626661e+27
1.7003168277213367e+32
-1.3503174305501054e+36
1.39953637626661e+27
8.386556713041296e+30
-7.660322107964181e+34
1.7003168277213367e+32
-7.660322107964181e+34
-1.3503174305501054e+36
62.43609022556391
9.319799498746868
82.94636591478697
60.64360902255639
27.700250626566415
56.408020050125316
15.306265664160401
55.86817042606516
45.33984962406015
92.81303258145364
28.80701754385965
38.83057644110276
37.79899749373433
29.981954887218045
37.86416040100251
47.63258145363409
35.90827067669173
57.43859649122807
6.5664160401002505
22.18045112781955
9.209523809523809
