42.87555853442256
176.57747217119422
932.773287008021
5481.364181034694
168.47967537008046
696.1823688680984
3636.4733176668346
855.4639528469396
3504.6017094195154
4644.578249171335
42.87555853442256
127866.95509899831
295263668.1725709
619455409346.0013
115495.57569037969
259295224.8109091
540205911502.9684
236304609.77027592
481700823861.88293
439940280006.5093
5108872.983975403
416413631.5673638
551439764037.389
168853695425770.53
416413631.5673639
46889880113.94591
37998830472473.12
551439764037.3888
37998830472473.12
168853695425770.5
1.8074159301390473
0.665545630658605
1.8144722291668807
1.6470636411729458
1.2836295125435617
1.4901779331418408
0.8898430504268019
1.5631405151324573
1.6018900464078802
2.190706961227046
1.3442050225574662
2.0143675240959404
1.2824760992195703
1.3580811443247394
1.5152115300318068
1.789790554844928
1.4196003771294392
1.6393940240989908
0.5907871578625539
1.09336465086432
2.448616987705556
6.076730409585082
5.801999188031944
5.451417478548473
5.804967192868179
5.933280844864505
6.265628952282024
5.3515202374609885
5.530640764087524
5.24030052748952
5.689878932748262
5.499164623166987
5.520725501257803
5.27776309853193
5.304385513442234
5.3566945539313044
5.489569657910462
5.249883582534534
5.536289909692094
5.078073600269312
4.568814272476268
1.0
5.328669875889713
5.1378403080855
4.298855813529856
4.42851398407922
5.380124467478141
4.916888892703225
5.692195573362858
4.676662878973631
5.294049597158935
5.855937087337899
5.794603635930761
5.770332884971361
5.269369910830448
5.400904790095808
4.862146190209111
4.925633378995063
5.728632212620057
5.48101045600826
5.536187024959893
5.507654966225633
1243.2075049209734
17312.511005364595
331064.0596423938
6708864.071308532
16087.383442671353
181692.31263021924
3298600.7493434646
265669.83325918845
2695594.2773306067
4655809.6667194
1243.2075049209734
98744338.15896013
8887218972222.014
8.880918848962181e+17
99326877.17243244
6513224440570.356
5.224296113298807e+17
6898143016842.206
4.228076955990361e+17
4.6437038414086e+17
1.5016624227596695e+24
2.7630528594800784e+27
7.195499709051242e+31
1.1422925555758585e+36
2.7630528594800784e+27
4.384994409908145e+30
1.2883324315521398e+35
7.195499709051241e+31
1.2883324315521398e+35
1.1422925555758588e+36
41.676632886522675
15.66939889548555
40.07820042251283
40.017060375212075
28.850174605977386
34.23878361122794
22.017908770046933
37.915613800760006
39.157379351292995
52.44326933113129
34.31074817795649
46.05610864407699
29.82907026004907
33.48783801627725
40.11018656979994
43.01528475607495
33.053060058659256
36.881742420561
13.8279989946577
24.506442901459852
65.62714481002666
1337.4356225180047
18537.681590640426
344866.6621424676
6841692.688885658
16709.381676172114
191753.95053898316
3387246.426345552
275370.3124195659
2848369.241432025
4866533.344174854
1337.4356225180047
99559106.84685184
8431007001827.333
7.284856088231944e+17
105399758.3182409
6805404812498.198
4.7923987385294426e+17
7994973505251.773
4.634885345322837e+17
5.792570593611405e+17
1.6154799655292767e+24
2.8695897760790044e+27
7.50022808430117e+31
1.2006176162048808e+36
2.8695897760790044e+27
4.70924448825041e+30
1.3642523827530967e+35
7.500228084301171e+31
1.3642523827530967e+35
1.2006176162048808e+36
45.27000922343191
16.877324853050276
45.182244506254904
39.46472430117729
30.830092628242497
37.34240315677881
21.167145673886733
35.64135139461068
38.1115996258691
47.45157278717306
26.53954066905646
46.86636863135721
30.847579027000744
32.81024161867228
33.207301998195064
41.52484343931239
34.342665205257696
39.456223818685075
14.260764300465276
27.15946631145041
56.56298823984088
